1 1
0.0627755 0.905977
0.0627712 0.90584
0.0619016 0.905718
0.0585822 0.904071
0.0568501 0.903886
0.0529305 0.899508
0.0501499 0.895842
0.0477 0.89257
0.0450338 0.885601
0.0429966 0.880757
0.0406938 0.87381
0.0383944 0.862472
0.0364787 0.85522
0.0346371 0.840755
0.0331009 0.830842
0.0312193 0.811587
0.0299527 0.79935
0.0285997 0.779502
0.0272913 0.763229
0.0261355 0.737333
0.025 0.718275
0.02411 0.701683
0.0229382 0.667566
0.0221412 0.650532
0.0212657 0.627192
0.0205839 0.595967
0.0198475 0.574975
0.0192835 0.544202
0.0188054 0.524446
0.0181238 0.491304
0.0177023 0.471938
0.0172706 0.440663
0.0167464 0.419799
0.0163281 0.387453
0.0158069 0.367288
0.0154108 0.34857
0.0148558 0.314662
0.0144692 0.2982
0.0140218 0.27681
0.0135829 0.249843
0.0132156 0.232843
0.0128244 0.210916
0.0124785 0.197604
0.0120862 0.176246
0.0117785 0.165515
0.011358 0.149175
0.0110781 0.138955
0.0107751 0.126392
0.0104769 0.116586
0.0102215 0.106555
0.00989882 0.0962987
0.0094949 0.0894341
0.00901365 0.0782113
0.00876839 0.0726217
0.0084811 0.0656787
0.00825914 0.0589968
0.00790588 0.0536683
0.00739694 0.0487009
0.00717522 0.0453872
0.00664408 0.0405874
0.00643278 0.038157
0.00615216 0.0350739
0.00576078 0.0324542
0.00558329 0.0302828
0.00541577 0.0281788
0.00525929 0.0268733
0.00509686 0.0250717
0.00493592 0.0239817
0.00478722 0.0227785
0.00463365 0.0216623
0.00448204 0.0207376
0.00433192 0.0197933
0.00417953 0.018986
0.00403349 0.018094
0.00388839 0.0174521
0.00373035 0.0167863
0.0035818 0.0161227
0.00342855 0.0155918
0.00327051 0.0150391
0.00311812 0.0144974
0.00297082 0.0139599
0.0028229 0.0135139
0.00267075 0.0130156
0.00252361 0.0125935
0.00237545 0.0121867
0.00223326 0.0118429
0.00209035 0.0114665
0.00195286 0.0111619
0.00181631 0.0108746
0.00167992 0.0106049
0.00155671 0.0103285
0.00143914 0.0100653
0.00132447 0.00976282
0.00120792 0.0095126
0.00109161 0.00927326
0.000975765 0.008973
0.000865255 0.00870538
0.000759529 0.00845951
0.000657882 0.00814184
0.000567608 0.00782853
0.00048698 0.00751304
0.000418118 0.00718667
0.000354667 0.00682766
0.000300627 0.00650347
0.000253726 0.00616622
0.000218902 0.0058355
0.000188078 0.00550913
0.000165412 0.00523715
0.000145882 0.00495647
0.000132078 0.00467144
0.000119765 0.00436466
0.000107922 0.00402958
9.92157e-05 0.00368145
9.11373e-05 0.00332462
8.44706e-05 0.00304612
7.78039e-05 0.00267406
7.06667e-05 0.0023194
6.36863e-05 0.00198868
5.71765e-05 0.00175587
4.94902e-05 0.00148172
4.10196e-05 0.00123368
3.51373e-05 0.00100957
2.87059e-05 0.00080287
2.30588e-05 0.000620103
1.59216e-05 0.000441687
1.01176e-05 0.000293733
4.94118e-06 0.0001349
0 0
